-47.011543189209,-23.098345644976
-47.011543073443,-23.098345714958
-47.011542704121,-23.09834586922
-47.011542056558,-23.098346117171
-47.011541163628,-23.098346440319
-47.011540015466,-23.098346859729
-47.011538639623,-23.098347353402
-47.011537057011,-23.098347900662
-47.011535259016,-23.098348528499
-47.011533241328,-23.098349250529
-47.011531063653,-23.09835001279
-47.011528713998,-23.098350834942
-47.011526188593,-23.098351719244
-47.011523471607,-23.0983526697
-47.011520517787,-23.098353693967
-47.011517334292,-23.098354803398
-47.01151394652,-23.098355989078
-47.011510363655,-23.098357240462
-47.011506670401,-23.098358526816
-47.011502825615,-23.098359878256
-47.011498777615,-23.098361291912
-47.01149421567,-23.098362861489
-47.011488759701,-23.098364778909
-47.011482149798,-23.098367055108
-47.011475095902,-23.098369456967
-47.011467947133,-23.098371885071
-47.011460841876,-23.098374309602
-47.011453948836,-23.098376659738
-47.011447171001,-23.098378992546
-47.011440192167,-23.098381376832
-47.011433115425,-23.098383793078
-47.011425939628,-23.098386267974
-47.011418533192,-23.098388825835
-47.011410857926,-23.098391422762
-47.011403127306,-23.098394060597
-47.011395132736,-23.098396822354
-47.01138691107,-23.098399629873
-47.011378575702,-23.098402484586
-47.011369917513,-23.098405444434
-47.011360876994,-23.098408537913
-47.011351449079,-23.098411783343
-47.011341641012,-23.098415112824
-47.011331571884,-23.098418510373
-47.011321316547,-23.098421998279
-47.011310675874,-23.098425650569
-47.011300341303,-23.098429213712
-47.011290431377,-23.098432539617
-47.011281265018,-23.098435727621
-47.011273211997,-23.098438549416
-47.011266414766,-23.09844090994
-47.011261265612,-23.098442680073
-47.011258017146,-23.09844380348
-47.011254421107,-23.09844506396
-47.011250084309,-23.098446510086
-47.011245746894,-23.098447991077
-47.01124137935,-23.098449509709
-47.011236884948,-23.098451027568
-47.011232286645,-23.098452635386
-47.011227639526,-23.098454237194
-47.011222867926,-23.098455920709
-47.011218172318,-23.098457516094
-47.011213590789,-23.098459149162
-47.011209156061,-23.098460768781
-47.011204670622,-23.098462325899
-47.011200171755,-23.098463899949
-47.011195621401,-23.098465459292
-47.011191104067,-23.098466970239
-47.0111866373,-23.098468492642
-47.011182197655,-23.098470071249
-47.011177783066,-23.098471603235
-47.011173330718,-23.098473160095
-47.01116885655,-23.098474740411
-47.011164410471,-23.098476264623
-47.011160014057,-23.098477822126
-47.011155590352,-23.098479398823
-47.011151108329,-23.098480927975
-47.011146661885,-23.098482520058
-47.011142236168,-23.098484081479
-47.0111377635,-23.098485619953
-47.011133300931,-23.098487189731
-47.011128890284,-23.098488788731
-47.011124474446,-23.098490370019
-47.011120016072,-23.098491954063
-47.011115555038,-23.098493558314
-47.011111101419,-23.098495122953
-47.011106685159,-23.098496701162
-47.011102255794,-23.09849825067
-47.0110977839,-23.098499810634
-47.011093321316,-23.09850141077
-47.011088870262,-23.09850299945
-47.011084432254,-23.098504575232
-47.011079986334,-23.098506121759
-47.011075588428,-23.098507708865
-47.011071175307,-23.098509295827
-47.011066686439,-23.098510850964
-47.01106223822,-23.098512455739
-47.0110578077,-23.098514033265
-47.011053380893,-23.09851560186
-47.011048954529,-23.098517214369
-47.011044486589,-23.098518823894
-47.011040004596,-23.098520421499
-47.011035589063,-23.098522004927
-47.011031145278,-23.098523589322
-47.011026726363,-23.098525163457
-47.011022315249,-23.098526741268
-47.011017840567,-23.098528315693
-47.011013393189,-23.098529911222
-47.011008973257,-23.098531526793
-47.011004550232,-23.098533109277
-47.011000134382,-23.09853468062
-47.010995672074,-23.09853629447
-47.010991213361,-23.098537878624
-47.01098679218,-23.098539452061
-47.010982396337,-23.098541057872
-47.010978003413,-23.098542669216
-47.010973566963,-23.098544265267
-47.010969138236,-23.098545849193
-47.010964678732,-23.098547443601
-47.010960203726,-23.09854903165
-47.010955703452,-23.09855062789
-47.010951214472,-23.098552268073
-47.010946587132,-23.098553722716
-47.010941856849,-23.098555306403
-47.01093713808,-23.09855731786
-47.010932333263,-23.09855893842
-47.010927487684,-23.098560649704
-47.010922579729,-23.098562394124
-47.010917523864,-23.098564152006
-47.010912439351,-23.098566025239
-47.010907196958,-23.098567853988
-47.010901873991,-23.09856980002
-47.010896450176,-23.098571625523
-47.010890945887,-23.098573621985
-47.010885270635,-23.09857566973
-47.01087949677,-23.098577642989
-47.01087367712,-23.098579612334
-47.010867817292,-23.098581604317
-47.010861912267,-23.098583705725
-47.010855954495,-23.098585819722
-47.010850020156,-23.098587882793
-47.010844054768,-23.098590057912
-47.010837818788,-23.098592285875
-47.010831531432,-23.098594542731
-47.010825308331,-23.098596784833
-47.010819014701,-23.098599073511
-47.010812077512,-23.098601492691
-47.010803662409,-23.098604468093
-47.010793207616,-23.09860804907
-47.010780310783,-23.098612625024
-47.010763908304,-23.098618528331
-47.010743690753,-23.098625840746
-47.010719762498,-23.09863442527
-47.010692534236,-23.098644281466
-47.010660720838,-23.098656860032
-47.010625226391,-23.098676915277
-47.010588533568,-23.098707007153
-47.010553987164,-23.09874973416
-47.01051120734,-23.098801899875
-47.010460084107,-23.098864367745
-47.010398776728,-23.09893502721
-47.01032710612,-23.099005126963
-47.010251451593,-23.099062423826
-47.010178122796,-23.099102681983
-47.010110595292,-23.099124970941
-47.010051710116,-23.099136793544
-47.009999927037,-23.099143345943
-47.00995560373,-23.099146323705
-47.00991518076,-23.099146993116
-47.009878250339,-23.09914688175
-47.00984446753,-23.099146115559
-47.009814619778,-23.099145073452
-47.009787451104,-23.099144075738
-47.009761855842,-23.09914307962
-47.009736447129,-23.099142017844
-47.009710024297,-23.099140795863
-47.009681344038,-23.099139357378
-47.009649372673,-23.099137856192
-47.009613769378,-23.099137019523
-47.009574856643,-23.099136859739
-47.009530553478,-23.099143207594
-47.009479721823,-23.099154072145
-47.009418625973,-23.099169762725
-47.009345656212,-23.099188272229
-47.009267338386,-23.099207621372
-47.009193613754,-23.099225889603
-47.009131148396,-23.099243083411
-47.00907981077,-23.099255441677
-47.009033635488,-23.099266810197
-47.008990442082,-23.099277765935
-47.008951452031,-23.099289081312
-47.008917792819,-23.09930473872
-47.008890093716,-23.099323250214
-47.008868201898,-23.099344891905
-47.008849785933,-23.099367868076
-47.008836234207,-23.099393052476
-47.008826346575,-23.099420671387
-47.008821683382,-23.099451023775
-47.008822839494,-23.099484285223
-47.008832267048,-23.099519199824
-47.008851184988,-23.099554219706
-47.008882264054,-23.099587337815
-47.008927501818,-23.099613297898
-47.008984855949,-23.099626937664
-47.009049695918,-23.099621717724
-47.009113644051,-23.09959246917
-47.009168738749,-23.099546419004
-47.00921210142,-23.099496296226
-47.009246505234,-23.099452508525
-47.009273045488,-23.09941595223
-47.00929740078,-23.099382677184
-47.009320128059,-23.099350729783
-47.009340549645,-23.099321944447
-47.009359760207,-23.099295646176
-47.009378125377,-23.099271132198
-47.00939691986,-23.099248994285
-47.009418223446,-23.099229520445
-47.009442427827,-23.099212442542
-47.009469404597,-23.099197732635
-47.009501486143,-23.099189273818
-47.009536847096,-23.099183972163
-47.009574979264,-23.099182631318
-47.009614378669,-23.09918498735
-47.00965445642,-23.099187924762
-47.009693781882,-23.099190647023
-47.009730841286,-23.099193291138
-47.009766587186,-23.099195517389
-47.009800807172,-23.099197395728
-47.009833513213,-23.099198736741
-47.009866041764,-23.099199524506
-47.009899393549,-23.09919963011
-47.009934606616,-23.099198248768
-47.009972166213,-23.09919554484
-47.010012196459,-23.09919086236
-47.010055521727,-23.099183786412
-47.010100950261,-23.099171977134
-47.010149343662,-23.099155253275
-47.010201994164,-23.099127649361
-47.010260388524,-23.099088591729
-47.010321938035,-23.099036978205
-47.010382211378,-23.098975564054
-47.010436530214,-23.098912668957
-47.010482257156,-23.098856392633
-47.010520656309,-23.098810563341
-47.010551926654,-23.098771830017
-47.010585399067,-23.098740485518
-47.01062317046,-23.098718257939
-47.010660809511,-23.098703495969
-47.010697185913,-23.098696551044
-47.010730886491,-23.098695042249
-47.010762390305,-23.098698243502
-47.01079149281,-23.098704598726
-47.010818868754,-23.098714506978
-47.0108445124,-23.098728246217
-47.01086918322,-23.098745455375
-47.010891811752,-23.098767267714
-47.010911484707,-23.098794144792
-47.010927948829,-23.098826153757
-47.010939470599,-23.098863201327
-47.010939962642,-23.098905618084
-47.010930122417,-23.098951931046
-47.010907224737,-23.098998274584
-47.010866548659,-23.099039184423
-47.010811460483,-23.099069408278
-47.010742213268,-23.099081590196
-47.010667991661,-23.099069000042
-47.010602998902,-23.099031530794
-47.01055865526,-23.098975205139
-47.010539946622,-23.098911012238
-47.010546056763,-23.098849652844
-47.010572076009,-23.09879689588
-47.010609704857,-23.098756679269
-47.010654312906,-23.09872953195
-47.010701915989,-23.098717008167
-47.010748922995,-23.098709648427
-47.01079353435,-23.098702302153
-47.010836354402,-23.098695887402
-47.010878425021,-23.098689818248
-47.010920511079,-23.098683956194
-47.010963479985,-23.098678280029
-47.011008346451,-23.098671914947
-47.011054325231,-23.098665782273
-47.01110471113,-23.098658660507
-47.011161480299,-23.098650886915
-47.011219417479,-23.098643238258
-47.011274177291,-23.098635721645
-47.011325300813,-23.098628612894
-47.011374878823,-23.09862193914
-47.011422183549,-23.098615377282
-47.011468399556,-23.098609019806
-47.011514696482,-23.09860262475
-47.011562145486,-23.098596337929
-47.01161123109,-23.098589495276
-47.011662976159,-23.098582388163
-47.011718829967,-23.098574720766
-47.011780080908,-23.098565829522
-47.011846885185,-23.098554612574
-47.011917629388,-23.098542551655
-47.011987709625,-23.09852872393
-47.012050550533,-23.098500611785
-47.01209525755,-23.098456342832
-47.012116821707,-23.098403905563
-47.012116354721,-23.098352181221
-47.012100716553,-23.09830649402
-47.012073351952,-23.098270845372
-47.01203819647,-23.098247456444
-47.012001410723,-23.098234109601
-47.011965573301,-23.098228878883
-47.011931835175,-23.098231019281
-47.01190074821,-23.09823746957
-47.011875372517,-23.098244770361
-47.011854571174,-23.098251068961
-47.011835495644,-23.098256909344
-47.011820984044,-23.098261169979
-47.011807466918,-23.098265107231
-47.011793583682,-23.09826909694
-47.011779514898,-23.098273248452
-47.011765784486,-23.098277264501
-47.011755609447,-23.098280078626
-47.011746755324,-23.098282436791
-47.01173763519,-23.098284893576
-47.011728258523,-23.098287448253
-47.011718538961,-23.098290093237
-47.011708540353,-23.098292820412
-47.011698219474,-23.098295675552
-47.011687670321,-23.098298634221
-47.011676752551,-23.098301693873
-47.011665504378,-23.098304801777
-47.011653984351,-23.098308063655
-47.011642147727,-23.098311498875
-47.011630055474,-23.098315018076
-47.011617516945,-23.09831858363
-47.011604762163,-23.0983222186
-47.011591644576,-23.098325957045
-47.01157857024,-23.098329764124
-47.011567031236,-23.098333064795
-47.011557930205,-23.098335528007
-47.01155123739,-23.098337109902
-47.011547411471,-23.098337796973
-47.011546058855,-23.098337638614
-47.011545538575,-23.098337186149
-47.011543829907,-23.098337132869
-47.011540432829,-23.098337664565
-47.011536904702,-23.098338230447
-47.011533808385,-23.098338653714
-47.011530776689,-23.098339038355
-47.011527563186,-23.098339475545
-47.011524435926,-23.098339871195
-47.011521352986,-23.098340221261
-47.011518252856,-23.098340595819
-47.011515147528,-23.098340968606
-47.011512333807,-23.098341245429
-47.011511283162,-23.098340942358
-47.011511487906,-23.09834021627
-47.011511814649,-23.098339440621
-47.011512130429,-23.098338672749
-47.011512453729,-23.098337900757
-47.011512770834,-23.098337124959
-47.011513092901,-23.098336349922
-47.011513415403,-23.098335572192
-47.011513736308,-23.098334790407
-47.011514059308,-23.098334009087
-47.01151438058,-23.098333224553
-47.011514702135,-23.0983324378
-47.011515024023,-23.0983316504
-47.011515344776,-23.098330860298
-47.011515666266,-23.098330069479
-47.011515987697,-23.098329277562
-47.01151630893,-23.098328482625
-47.011516632873,-23.098327685985
-47.011516956595,-23.098326887147
-47.011517280285,-23.098326086081
-47.011517604089,-23.09832528367
-47.011517927594,-23.098324478782
-47.011518251266,-23.098323672093
-47.011518574464,-23.09832286377
-47.011518897811,-23.098322053796
-47.01151922138,-23.098321242934
-47.011519544699,-23.098320430318
-47.011519869947,-23.098319614998
-47.011520195929,-23.09831879804
-47.011520522035,-23.098317978813
-47.011520848094,-23.098317157772
-47.01152117407,-23.098316334935
-47.011521499824,-23.09831551018
-47.011521825702,-23.098314683816
-47.011522151233,-23.098313855312
-47.011522477301,-23.098313026053
-47.011522803204,-23.098312195496
-47.01152312972,-23.09831136297
-47.011523458176,-23.098310528011
-47.011523786861,-23.098309691316
-47.011524115535,-23.098308852914
-47.011524444193,-23.098308012591
-47.011524772842,-23.098307170181
-47.01152510112,-23.098306326456
-47.011525429453,-23.098305480526
-47.011525757246,-23.098304633048
-47.01152608579,-23.098303784774
-47.011526413768,-23.098302934973
-47.011526744246,-23.098302082558
-47.011527075129,-23.098301228369
-47.011527406225,-23.098300372315
-47.011527737186,-23.098299514763
-47.011528068153,-23.098298654964
-47.011528398822,-23.098297793649
-47.01152872918,-23.098296930274
-47.011529059431,-23.098296065223
-47.011529389592,-23.098295198583
-47.011529720011,-23.09829433099
-47.01153005114,-23.098293461807
-47.011530383993,-23.098292590036
-47.011530717058,-23.098291716824
-47.011531050037,-23.09829084176
-47.011531382835,-23.098289964943
-47.011531715714,-23.098289086435
-47.011532048236,-23.098288206061
-47.011532380711,-23.09828732386
-47.011532712754,-23.098286440055
-47.011533045065,-23.098285554799
-47.011533377201,-23.09828466892
-47.011533711553,-23.098283780359
-47.011534046552,-23.098282890019
-47.011534381347,-23.098281998119
-47.011534716279,-23.098281104552
-47.011535050872,-23.098280209153
-47.011535385623,-23.098279312013
-47.011535719825,-23.098278413011
-47.011536054093,-23.098277512346
-47.011536387986,-23.098276609867
-47.011536722194,-23.098275706604
-47.011537057347,-23.098274801985
-47.011537394033,-23.098273894969
-47.011537730713,-23.09827298663
-47.011538067222,-23.098272076632
-47.0115384036,-23.098271164763
-47.011538739746,-23.098270251363
-47.011539075783,-23.098269336192
-47.011539411533,-23.098268419403
-47.01153974699,-23.098267500752
-47.011540082199,-23.098266580724
-47.011540417442,-23.098265659979
-47.011540755128,-23.098264736855
-47.011541092974,-23.098263812067
-47.011541430748,-23.098262885776
-47.011541768311,-23.098261957798
-47.011542105804,-23.098261027848
-47.011542442865,-23.098260096515
-47.011542779792,-23.098259163362
-47.011543116436,-23.098258228378
-47.011543452731,-23.098257291746
-47.011543789076,-23.098256353656
-47.011544126584,-23.098255414424
-47.011544465456,-23.098254473009
-47.011544804397,-23.098253530274
-47.011545143113,-23.098252585857
-47.011545481733,-23.098251639614
-47.011545820203,-23.09825069172
-47.011546158295,-23.098249742238
-47.011546496169,-23.098248790915
-47.011546833838,-23.098247838045
-47.011547171187,-23.098246883357
-47.011547508639,-23.098245927651
-47.01154784864,-23.09824496994
-47.011548188732,-23.098244010745
-47.011548528727,-23.098243050101
-47.011548868482,-23.098242087885
-47.011549208197,-23.098241123719
-47.011549547627,-23.098240158141
-47.01154988689,-23.09823919091
-47.011550225798,-23.098238221742
-47.01155056468,-23.098237251085
-47.011550903109,-23.098236278707
-47.011551243283,-23.098235304903
-47.011551584682,-23.098234329621
-47.011551926245,-23.098233352989
-47.011552267763,-23.098232374557
-47.011552609044,-23.098231394673
-47.011552950119,-23.098230413157
-47.011553290955,-23.098229430031
-47.011553631617,-23.09822844503
-47.01155397211,-23.09822745853
-47.011554312396,-23.098226470202
-47.011554652847,-23.098225480255
-47.011554978099,-23.09822449384
-47.011555072392,-23.098223585232
-47.011554900291,-23.098222763727
-47.011554463833,-23.098222026978
-47.011553778643,-23.098221365942
-47.011552818829,-23.098220801058
-47.011551624335,-23.098220313672
-47.011550235728,-23.098219871003
-47.011548642188,-23.098219519186
-47.011546819777,-23.098219249473
-47.011544851278,-23.098219019987
-47.011542702989,-23.098218851663
-47.011540383439,-23.098218743018
-47.011537830221,-23.098218698912
-47.011535050065,-23.098218738701
-47.01153204178,-23.098218852055
-47.01152882989,-23.098219050109
-47.011525457624,-23.098219277151
-47.011521972861,-23.098219576342
-47.011518337012,-23.098219908874
-47.011514359283,-23.098220366879
-47.011509678894,-23.098221077157
-47.011503917295,-23.098222123095
-47.011497181351,-23.098223474864
-47.011490429109,-23.098224841209
-47.011483613972,-23.098226208834
-47.011476903188,-23.098227530367
-47.011470423709,-23.098228827649
-47.01146391322,-23.098230097598
-47.011457206806,-23.098231422978
-47.011450372871,-23.09823279636
-47.011443484037,-23.098234214876
-47.011436242926,-23.098235740488
-47.01142885224,-23.098237278595
-47.011421374719,-23.098238875059
-47.011413607735,-23.098240594213
-47.011405568471,-23.098242351193
-47.011397426789,-23.098244150704
-47.011388907543,-23.098246091581
-47.011380038507,-23.098248162706
-47.011370803984,-23.098250351791
-47.01136117293,-23.09825260869
-47.011351450708,-23.098254915892
-47.011341403974,-23.098257359621
-47.011331215367,-23.098259875499
-47.011321505381,-23.098262234003
-47.011312229679,-23.098264395272
-47.011303876501,-23.098266357688
-47.011296661777,-23.098267845125
-47.011290949396,-23.098268840229
-47.011287046667,-23.098269167628
-47.011284452269,-23.098269073154
-47.01128074592,-23.09826933055
-47.011276663023,-23.098269724697
-47.011272627333,-23.098270099887
-47.01126847981,-23.098270512925
-47.011264166884,-23.09827099069
-47.011259813246,-23.098271492775
-47.011255393518,-23.098272027082
-47.011250940117,-23.098272537347
-47.011246586962,-23.098273011151
-47.011242341081,-23.098273506869
-47.011238195391,-23.098274019136
-47.011234009471,-23.098274463918
-47.011229774077,-23.098274898756
-47.011225530151,-23.098275308865
-47.011221306085,-23.098275681097
-47.011217130818,-23.098276077661
-47.011212979097,-23.098276525227
-47.011208858039,-23.098276943624
-47.011204677629,-23.098277352604
-47.011200497061,-23.098277768391
-47.011196368269,-23.098278185439
-47.011192206733,-23.098278555012
-47.011188086404,-23.098279022919
-47.011183890246,-23.098279441128
-47.011179700726,-23.098279858662
-47.011175553988,-23.098280289202
-47.01117136001,-23.09828069256
-47.01116720024,-23.098281086449
-47.011163049704,-23.098281509844
-47.01115889985,-23.09828192979
-47.011154750536,-23.09828236305
-47.01115057211,-23.098282788964
-47.011146405457,-23.09828321606
-47.011142256691,-23.098283559464
-47.01113811098,-23.098283978603
-47.011133895929,-23.098284326393
-47.011129707035,-23.098284808144
-47.011125556406,-23.098285194319
-47.011121400938,-23.098285590153
-47.011117272575,-23.098285979475
-47.011113142931,-23.09828638498
-47.0111089677,-23.098286807781
-47.011104760886,-23.098287222808
-47.011100570616,-23.09828760389
-47.011096439536,-23.098287981356
-47.011092338162,-23.098288391139
-47.011088154938,-23.09828882015
-47.011083946284,-23.098289206784
-47.011079788778,-23.098289630966
-47.011075653023,-23.098290011165
-47.011071489405,-23.098290380133
-47.01106737245,-23.098290797545
-47.011063172363,-23.098291142742
-47.011059013552,-23.098291544878
-47.011054855925,-23.098291960166
-47.011050724527,-23.098292334869
-47.011046633087,-23.098292722497
-47.011042464195,-23.098293117897
-47.01103829463,-23.098293485933
-47.011034113275,-23.09829383422
-47.011030002409,-23.098294204681
-47.01102592595,-23.098294607204
-47.011021744112,-23.098294951778
-47.011017637099,-23.098295364631
-47.011013469439,-23.098295739106
-47.011009295271,-23.098296101983
-47.01100510207,-23.098296457269
-47.011000848155,-23.09829687847
-47.010996600681,-23.098297137973
-47.01099225575,-23.098297485878
-47.010987775379,-23.098297978861
-47.010983246332,-23.098298629371
-47.010978690605,-23.098299042549
-47.010974125219,-23.098299572026
-47.010969411506,-23.09830007395
-47.010964592715,-23.09830065423
-47.010959722179,-23.098301262087
-47.010954693604,-23.098301882729
-47.010949601974,-23.098302490359
-47.010944427072,-23.098303240281
-47.010939092155,-23.098303994131
-47.010933595775,-23.098304766891
-47.010928049543,-23.098305482553
-47.010922526787,-23.098306219631
-47.010916879442,-23.098307013236
-47.010911175846,-23.098307903496
-47.010905507814,-23.098308735662
-47.010899873129,-23.098309587358
-47.010894002417,-23.098310528747
-47.010888018803,-23.098311506625
-47.010882003603,-23.098312508194
-47.010876048702,-23.098313495017
-47.010869748023,-23.098314594265
-47.010862282258,-23.098316022451
-47.01085292839,-23.098318133537
-47.010841414773,-23.09832094111
-47.010826627197,-23.098325089575
-47.010808368129,-23.09833044271
-47.010786389641,-23.098337187889
-47.010760317567,-23.098345529916
-47.010731128595,-23.098355160589
-47.010696884591,-23.09837066158
-47.01066108065,-23.098394932248
-47.010626211507,-23.09843144806
-47.010587393328,-23.098478412431
-47.010539997418,-23.09853526294
-47.010483224955,-23.098602226599
-47.010415726872,-23.098672369353
-47.01034109329,-23.098735324683
-47.010266419044,-23.098780995344
-47.010196138411,-23.098808800136
-47.010134690368,-23.098823938116
-47.01008018978,-23.098830196326
-47.010033282195,-23.098833613621
-47.009992004242,-23.098833395183
-47.009954266038,-23.098832455064
-47.009919891867,-23.098830527233
-47.009889384896,-23.098828308383
-47.00986203639,-23.098826010755
-47.009836929694,-23.098823705804
-47.009812518843,-23.098821515846
-47.009787751087,-23.098819036634
-47.009761569693,-23.098816484354
-47.00973257131,-23.098813711159
-47.009700031713,-23.098810995797
-47.00966417628,-23.098809025987
-47.009623825691,-23.098809005882
-47.009578072438,-23.098815702917
-47.00952533634,-23.098827166564
-47.009460652555,-23.098842878583
-47.009385027946,-23.098860242983
-47.009307309601,-23.098878368772
-47.009237060759,-23.09889484393
-47.009178782476,-23.09890931219
-47.009130154984,-23.098919707801
-47.009085503344,-23.098929570612
-47.009044141299,-23.098938922119
-47.009006938297,-23.098949610638
-47.008975918469,-23.098964596933
-47.008950691381,-23.098982378464
-47.008930359813,-23.099002386509
-47.008913477135,-23.099024015071
-47.008901224342,-23.099047889475
-47.008892487983,-23.099074214314
-47.008888973031,-23.099103397759
-47.008891489606,-23.099135100453
-47.008902040374,-23.099168173467
-47.008922522888,-23.099201676051
-47.008955010969,-23.099232806924
-47.009001767716,-23.099256171292
-47.009060040158,-23.09926672418
-47.009125198821,-23.099258063393
-47.009188794125,-23.099225417446
-47.00924236093,-23.099177391259
-47.009284966208,-23.099126502898
-47.009318446148,-23.099082196607
-47.00934469969,-23.099044927794
-47.009368894708,-23.099010480122
-47.00939147105,-23.098977832848
-47.009411844868,-23.098948037919
-47.009430986301,-23.098920801969
-47.009449194195,-23.098895595243
-47.009467956563,-23.098872389358
-47.009489386376,-23.098851787507
-47.009513578482,-23.098833577616
-47.009540528947,-23.098817623511
-47.009572421886,-23.098807703176
-47.009607474145,-23.0988009837
-47.009645429269,-23.098798134251
-47.009684980601,-23.098798979168
-47.009724913202,-23.098800601379
-47.009764150316,-23.098801983828
-47.009801207212,-23.098803185238
-47.009837040541,-23.098804097775
-47.009871344401,-23.09880456561
-47.009904023478,-23.098804573032
-47.009936362573,-23.098804104448
-47.009969552814,-23.098802938014
-47.010004489716,-23.098800402375
-47.010041663139,-23.098796448945
-47.010081528994,-23.098790718752
-47.010124823048,-23.098782511718
-47.010169630326,-23.09877010005
-47.010217931959,-23.098752833778
-47.010269533522,-23.098725295807
-47.010327732544,-23.098686811431
-47.010389252735,-23.098635173126
-47.010450622391,-23.098573091123
-47.010506475281,-23.098508395033
-47.010553357218,-23.098449726812
-47.010592757032,-23.098401564797
-47.010625047532,-23.098360718622
-47.010657831756,-23.098326150567
-47.010695859293,-23.098301714923
-47.010733531569,-23.098284425015
-47.010770335162,-23.09827505186
-47.010804335324,-23.098271269348
-47.010836157252,-23.098272591197
-47.010865616656,-23.098276813045
-47.010893192976,-23.098284486725
-47.01091904354,-23.098295852497
-47.010943976592,-23.098310739772
-47.010967076214,-23.098329811157
-47.010987548466,-23.098353601074
-47.011005102208,-23.098383014832
-47.011018072263,-23.09841720301
-47.011021850102,-23.098456385309
-47.011015270562,-23.098500477404
-47.010996137686,-23.098545958775
-47.010960510233,-23.098587118799
-47.010908773947,-23.098619532882
-47.010843287699,-23.098635394241
-47.010770600389,-23.098628639523
-47.010702561432,-23.098596651252
-47.010651986526,-23.098543357117
-47.010626385986,-23.09847887974
-47.010625823574,-23.098414526353
-47.010647000197,-23.098357654795
-47.010681756552,-23.098312010399
-47.010725118246,-23.098279946617
-47.010771942313,-23.098261631767
-47.010819813841,-23.098252832151
-47.010864812304,-23.098243885306
-47.01090799133,-23.098235859237
-47.010950063208,-23.098228083831
-47.010991719063,-23.098220882827
-47.011034191627,-23.098213722865
-47.011078241833,-23.098206259494
-47.011124011668,-23.098198443392
-47.011172177493,-23.098190460224
-47.011227046549,-23.098181495028
-47.011284889045,-23.098172145358
-47.011341567243,-23.09816315296
-47.011393656675,-23.098154429878
-47.011444031453,-23.098146111717
-47.011492086597,-23.098138195491
-47.011538605835,-23.098130201942
-47.011584868923,-23.098122434313
-47.011631940673,-23.098114598792
-47.011680516744,-23.098106556036
-47.01173102423,-23.098098203952
-47.011785160319,-23.098089320265
-47.011843891082,-23.098079757944
-47.011909279595,-23.098067689747
-47.011978084289,-23.098054791371
-47.012049418467,-23.09804089552
-47.012116880196,-23.098019032225
-47.012171542715,-23.097980929977
-47.012204104359,-23.097929131451
-47.012212504915,-23.097874537662
-47.012203847256,-23.097824286975
-47.012182175868,-23.097782253613
-47.012150367426,-23.097751961499
-47.012114684284,-23.097732590002
-47.012078791651,-23.09772235403
-47.01204446046,-23.097719565588
-47.012012971138,-23.097722793355
-47.011984739847,-23.097728586527
-47.011963398306,-23.097733587984
-47.011944137542,-23.097738097407
-47.011928433632,-23.097741509607
-47.011916019518,-23.097743676396
-47.011903784516,-23.097745858812
-47.011891123051,-23.097748066897
-47.011878321216,-23.097750418676
-47.011866099888,-23.097752542502
-47.011858047363,-23.097753282169
-47.011851273121,-23.097753574058
-47.011844208695,-23.097753965716
-47.011836923111,-23.09775447224
-47.011829291654,-23.097755049535
-47.011821344142,-23.097755740451
-47.011813143972,-23.09775650081
-47.011804605237,-23.097757388363
-47.011795788207,-23.097758395339
-47.011786648892,-23.097759516378
-47.011777156255,-23.097760685669
-47.011767406497,-23.097761911645
-47.011757341358,-23.097763329793
-47.011746995899,-23.097764885736
-47.011736320812,-23.097766541813
-47.011725270802,-23.097768242427
-47.011713948088,-23.097770028971
-47.01170228854,-23.097771912582
-47.011690446562,-23.097773893705
-47.011680015182,-23.097775453678
-47.011672020068,-23.097776142991
-47.011666243232,-23.097776119541
-47.011662850434,-23.097775232302
-47.011659843732,-23.097774267367
-47.011656794314,-23.09777329308
-47.011654227534,-23.097772153254
-47.011651636247,-23.097771014886
-47.011648907527,-23.097769922564
-47.011646283526,-23.097768791689
-47.011643634091,-23.097767644144
-47.011640981231,-23.097766510315
-47.011638379758,-23.097765329356
-47.011635745284,-23.097764158369
-47.011633103854,-23.097762985769
-47.011630466709,-23.097761819223
-47.011628907003,-23.097760297457
-47.011628996687,-23.097758218046
-47.011629821523,-23.097755894791
-47.011630640019,-23.097753570575
-47.011631462767,-23.097751237733
-47.011632282807,-23.097748907469
-47.011633105173,-23.097746572483
-47.011633929625,-23.097744232524
-47.01163475898,-23.097741891267
-47.011635590859,-23.097739544684
-47.011636425104,-23.097737195275
-47.011637262363,-23.097734844706
-47.011638101617,-23.097732489324
-47.011638943623,-23.097730131942
-47.011639788065,-23.097727771437
-47.011640634372,-23.097725407139
-47.011641483251,-23.097723040657
-47.011642334167,-23.097720670117
-47.011643189673,-23.097718296093
-47.011644048131,-23.097715918852
-47.011644908788,-23.09771353802
-47.011645772209,-23.09771115455
-47.011646638187,-23.097708768345
-47.011647506594,-23.097706379116
-47.011648377315,-23.097703987259
-47.011649250391,-23.097701591837
-47.011650125735,-23.09769919342
-47.011651003287,-23.097696791875
-47.011651885086,-23.097694386347
-47.011652770079,-23.09769197752
-47.011653657486,-23.097689565445
-47.011654547285,-23.097687149993
-47.011655439702,-23.097684732196
-47.011656334635,-23.097682311705
-47.011657231885,-23.097679888393
-47.011658131244,-23.097677461739
-47.011659032927,-23.097675032228
-47.011659936771,-23.097672599518
-47.011660844396,-23.097670163025
-47.011661755498,-23.097667723029
-47.011662668877,-23.097665279758
-47.011663584458,-23.097662833365
-47.011664502386,-23.097660383653
-47.011665422732,-23.097657931804
-47.011666345454,-23.097655477293
-47.011667270245,-23.097653019635
-47.011668197373,-23.097650559049
-47.011669126587,-23.097648095113
-47.011670059398,-23.09764562768
-47.011670995758,-23.097643156533
-47.011671934297,-23.097640682255
-47.011672875234,-23.097638204847
-47.011673818359,-23.097635724163
-47.011674763767,-23.097633240291
-47.01167571184,-23.097630754405
-47.011676662068,-23.097628265543
-47.011677614598,-23.097625773617
-47.011678569211,-23.097623278871
-47.011679526835,-23.097620780336
-47.011680488396,-23.097618278356
-47.011681452263,-23.09761577317
-47.011682418324,-23.097613264495
-47.011683386999,-23.097610753034
-47.01168435735,-23.097608238112
-47.011685330688,-23.09760572054
-47.011686305974,-23.097603200613
-47.011687283576,-23.097600677922
-47.011688263538,-23.097598151999
-47.011689246024,-23.097595622986
-47.011690232866,-23.097593090064
-47.011691222194,-23.097590553912
-47.011692213596,-23.097588014616
-47.011693207193,-23.097585471978
-47.011694203116,-23.097582926159
-47.011695201253,-23.097580377104
-47.011696201584,-23.097577825747
-47.011697204523,-23.097575271911
-47.011698209426,-23.097572715103
-47.01169921672,-23.097570155102
-47.011700228583,-23.09756759132
-47.01170124277,-23.097565024299
-47.011702259382,-23.097562454457
-47.01170327809,-23.097559881263
-47.011704299047,-23.09755730504
-47.011705322066,-23.09755472566
-47.011706347197,-23.097552143095
-47.011707374654,-23.097549558686
-47.011708404544,-23.097546971695
-47.011709436301,-23.097544381593
-47.011710472689,-23.097541787908
-47.011711511697,-23.097539191238
-47.011712552889,-23.097536591472
-47.011713596416,-23.097533988517
-47.011714642103,-23.097531382776
-47.011715689997,-23.097528773853
-47.011716739969,-23.097526161965
-47.011717792179,-23.09752354724
-47.011718846989,-23.097520930546
-47.011719903919,-23.097518311041
-47.011720965024,-23.097515688044
-47.01172202923,-23.097513061793
-47.011723095844,-23.097510432671
-47.011724164741,-23.09750780057
-47.011725235918,-23.097505165483
-47.011726309235,-23.097502527191
-47.011727384791,-23.097499885989
-47.011728462622,-23.097497241755
-47.011729542749,-23.097494595271
-47.011730625391,-23.097491946506
-47.011731711683,-23.097489294463
-47.011732801453,-23.097486639222
-47.011733893606,-23.097483981147
-47.011734988,-23.097481320246
-47.011736084835,-23.097478656342
-47.011737183693,-23.097475989292
-47.011738284608,-23.097473319303
-47.011739387741,-23.097470646349
-47.011740492948,-23.097467970397
-47.01174160052,-23.097465292169
-47.011742711537,-23.097462611274
-47.011743826284,-23.097459927033
-47.01174494334,-23.097457240089
-47.011746062811,-23.097454550136
-47.011747184351,-23.097451857444
-47.011748308095,-23.097449161737
-47.011749434125,-23.097446463119
-47.011750562039,-23.097443761649
-47.011751692219,-23.097441057351
-47.011752824527,-23.097438350023
-47.01175396007,-23.09743564033
-47.011755099756,-23.097432927528
-47.011756242077,-23.097430212036
-47.011757386635,-23.097427493835
-47.011758533471,-23.097424772739
-47.011759682768,-23.097422048757
-47.011760833849,-23.097419322219
-47.011761987329,-23.097416592529
-47.01176314277,-23.097413859979
-47.011764300415,-23.097411124756
-47.011765460429,-23.097408386344
-47.011766625248,-23.097405645362
-47.011767792544,-23.097402901876
-47.011768962026,-23.097400155653
-47.011770133854,-23.097397406651
-47.011771307797,-23.097394654766
-47.011772484044,-23.09739190032
-47.011773662202,-23.09738914284
-47.011774842641,-23.097386382586
-47.011776025159,-23.09738361966
-47.011777209818,-23.097380853691
-47.011778399233,-23.097378084502
-47.01177959108,-23.09737531317
-47.011780785443,-23.097372539337
-47.011781982058,-23.097369762658
-47.011783180821,-23.097366983257
-47.011784381508,-23.097364201032
-47.011785584447,-23.097361416057
-47.011786789232,-23.097358628267
-47.011787996172,-23.097355837449
-47.011789204925,-23.097353044043
-47.011790417996,-23.09735024702
-47.011791633832,-23.097347447627
-47.011792851977,-23.097344645963
-47.01179407231,-23.097341841666
-47.011795294647,-23.097339034734
-47.011796386259,-23.097336269339
-47.011797222058,-23.097333586544
-47.011797778923,-23.097330995205
-47.011798086079,-23.097328484795
-47.011798126327,-23.097326058602
-47.011797927965,-23.097323713504
-47.011797523319,-23.097321420311
-47.011796917051,-23.097319203633
-47.011796063066,-23.097317088263
-47.011795058533,-23.097315009899
-47.011793882835,-23.097312986534
-47.011792533231,-23.097311020345
-47.011790972264,-23.097309125985
-47.011789189683,-23.09730729916
-47.011787174355,-23.097305561456
-47.011784942663,-23.097303896515
-47.0117825364,-23.097302286221
-47.011780004432,-23.09730072321
-47.011777337705,-23.097299194685
-47.011774428976,-23.097297773165
-47.011770941346,-23.097296535862
-47.011766417287,-23.097295634668
-47.01176082246,-23.097295106675
-47.011754963825,-23.097294639896
-47.011749068797,-23.097294190793
-47.011743251657,-23.097293683209
-47.011737683395,-23.097293127562
-47.011732078999,-23.097292583414
-47.011726362716,-23.097292060202
-47.011720536229,-23.097291545301
-47.011714662625,-23.097291087215
-47.011708469689,-23.097290739578
-47.011702086602,-23.097290407831
-47.011695625006,-23.097290109636
-47.011688895732,-23.097289940662
-47.011681877398,-23.097289840576
-47.011674806837,-23.09728975027
-47.011667381738,-23.097289792636
-47.011659604997,-23.097289959966
-47.011651504006,-23.09729024839
-47.011642911588,-23.097290607025
-47.011634208772,-23.097291036845
-47.011625200714,-23.097291588438
-47.011615927366,-23.09729223584
-47.011607026136,-23.09729280536
-47.011598549822,-23.097293132743
-47.011590857208,-23.097293317424
-47.011584247027,-23.097293057551
-47.011578991481,-23.097292367877
-47.011575441164,-23.097291054635
-47.011573269047,-23.097289253722
-47.011570746965,-23.097287589986
-47.011567825469,-23.097286044795
-47.011564727298,-23.097284552606
-47.01156162674,-23.097283068351
-47.011558404139,-23.097281601979
-47.011555141973,-23.097280223947
-47.011551744103,-23.09727885362
-47.01154827209,-23.097277516423
-47.011544954496,-23.097276063971
-47.011541800335,-23.097274638902
-47.011538704813,-23.097273253345
-47.011535494814,-23.097271814262
-47.011532277972,-23.097270367316
-47.011529115768,-23.097268887818
-47.011526006467,-23.097267344015
-47.011522822656,-23.0972658594
-47.011519710096,-23.09726442415
-47.011516600699,-23.097262905459
-47.011513414245,-23.09726140927
-47.011510252973,-23.097259940191
-47.01150712478,-23.097258432519
-47.011504041746,-23.097256940505
-47.01150092214,-23.09725546895
-47.01149775194,-23.097253915854
-47.011494630006,-23.097252462754
-47.011491483156,-23.097250980716
-47.011488295386,-23.097249424299
-47.011485195827,-23.097247930502
-47.011482130599,-23.097246450024
-47.011479000077,-23.097244964033
-47.011475864841,-23.097243471124
-47.011472763865,-23.097241992423
-47.011469636328,-23.09724047551
-47.011466544392,-23.097238943923
-47.011463450532,-23.097237435686
-47.011460300158,-23.097235841884
-47.011457220172,-23.0972343886
-47.011454086305,-23.097232853946
-47.011451018628,-23.097231344174
-47.011447934226,-23.097229798395
-47.011444869864,-23.097228279585
-47.011441772464,-23.097226776246
-47.011438649453,-23.097225250837
-47.011435545757,-23.097223696081
-47.0114324774,-23.097222161969
-47.011429402677,-23.09722061932
-47.011426344203,-23.097219109511
-47.011423235424,-23.097217595427
-47.01142015023,-23.09721605454
-47.011417090792,-23.097214518266
-47.011414021827,-23.097212956565
-47.011410996718,-23.097211407989
-47.01140793976,-23.097209810715
-47.011404841889,-23.097208288513
-47.011401768401,-23.097206739643
-47.011398759275,-23.097205185847
-47.011395753934,-23.097203625872
-47.011392707884,-23.097202046911
-47.011389640343,-23.097200482739
-47.011386577142,-23.097198901202
-47.011383549146,-23.097197339523
-47.011380539974,-23.097195779391
-47.011377536483,-23.097194215708
-47.011374540832,-23.097192645696
-47.011371494573,-23.097191066096
-47.011368424905,-23.097189478839
-47.011365366634,-23.09718788453
-47.011362305103,-23.097186293186
-47.011359160612,-23.097184741002
-47.011355910331,-23.097183047327
-47.01135259376,-23.097181466481
-47.011349292815,-23.097180286076
-47.011345872084,-23.097178737195
-47.011342422108,-23.097177288594
-47.011338876818,-23.097175835798
-47.011335248009,-23.097174400084
-47.011331506693,-23.097173072516
-47.011327667122,-23.097171703333
-47.011323748722,-23.097170390579
-47.011319758678,-23.097169095804
-47.011315582112,-23.097167892112
-47.011311320959,-23.097166706728
-47.011306952114,-23.097165471564
-47.01130258316,-23.097164218331
-47.011298131673,-23.097163007718
-47.011293644904,-23.097161912984
-47.011289170216,-23.097160774553
-47.01128466947,-23.0971596285
-47.011280042822,-23.097158609076
-47.011275242146,-23.097157596827
-47.011270425395,-23.097156601917
-47.011265604802,-23.097155623629
-47.011260577804,-23.097154721058
-47.011254648555,-23.09715403928
-47.011247021104,-23.097154004065
-47.011237326819,-23.097154585526
-47.011224749099,-23.097156356851
-47.011208733308,-23.097159370629
-47.011188787557,-23.097163898541
-47.011164897891,-23.097169812042
-47.011137961761,-23.097176820329
-47.011106169332,-23.097188456217
-47.0110714927,-23.097207664929
-47.011037696331,-23.097238602852
-47.011002379079,-23.09728139211
-47.010958899815,-23.097333027102
-47.010906080877,-23.097395704162
-47.010842444464,-23.09746389375
-47.010770618389,-23.097528421444
-47.010696555391,-23.097576884636
-47.010626071099,-23.09760728468
-47.010563127928,-23.09762293782
-47.010508336683,-23.097629222885
-47.010460757312,-23.097631666905
-47.010419623401,-23.097630045395
-47.010382056013,-23.09762711727
-47.010348275681,-23.097623569293
-47.010318126737,-23.097619531538
-47.010291096498,-23.097615163515
-47.010266518234,-23.097610870284
-47.010243104624,-23.097606710614
-47.010219740619,-23.097602276528
-47.010195154749,-23.097597734506
-47.010168079476,-23.097593058698
-47.010137480082,-23.097588238217
-47.010103013567,-23.097584083008
-47.010065236564,-23.097581017312
-47.010021977063,-23.097584620575
-47.009972412698,-23.097592619013
-47.009911762327,-23.097605485909
-47.009839766172,-23.09762046535
-47.009762771106,-23.097636326776
-47.009691407024,-23.097651111349
-47.00963162571,-23.097664399828
-47.009582633169,-23.09767305204
-47.009538511636,-23.097680978427
-47.009497515407,-23.097688382517
-47.009460399651,-23.097696389637
-47.009429008701,-23.097708542965
-47.009403187823,-23.09772364023
-47.009383258847,-23.097741632671
-47.009366646863,-23.097760825755
-47.009354718991,-23.097782061007
-47.00934641356,-23.097805785325
-47.009342993273,-23.097832206013
-47.00934517979,-23.097861418777
-47.009355454521,-23.097892494488
-47.009374899502,-23.097923855949
-47.009406266773,-23.097953482034
-47.009451324037,-23.097976900769
-47.009508966493,-23.097988610899
-47.009574825814,-23.09798184645
-47.009640463213,-23.097951635712
-47.009697995027,-23.097903721926
-47.009743521768,-23.097849835954
-47.009780395291,-23.097801965167
-47.00980859675,-23.097761482215
-47.009834535484,-23.097724595588
-47.009858821003,-23.097689255275
-47.009880765342,-23.097656661844
-47.009901416695,-23.097626765818
-47.009921179311,-23.097598743772
-47.009941137821,-23.097572904332
-47.009963448894,-23.097549640143
-47.009988451418,-23.097528813583
-47.010016104361,-23.097510048396
-47.010048550682,-23.097496965079
-47.010084959678,-23.097487397246
-47.010124123269,-23.097481585627
-47.010164638708,-23.0974800058
-47.010206374311,-23.097479395163
-47.010247286459,-23.097478534555
-47.010286390685,-23.097477587551
-47.01032354069,-23.097476348718
-47.010359865015,-23.097474617156
-47.010394079896,-23.097472556093
-47.010428156453,-23.097469885076
-47.010462656089,-23.097466637028
-47.010498708707,-23.097461967272
-47.010537020478,-23.097456051862
-47.010578214832,-23.097448462268
-47.010622589254,-23.097438258155
-47.010668883301,-23.097424386826
-47.010717814647,-23.097405486912
-47.010770262479,-23.097377216704
-47.010829489027,-23.097338084223
-47.010891838845,-23.09728514928
-47.010954782229,-23.097221765641
-47.01101274587,-23.097154555863
-47.01106203313,-23.097092703156
-47.011103929573,-23.097040953973
-47.011137972908,-23.096997258841
-47.011171372741,-23.096959441313
-47.011210707873,-23.096931598719
-47.011250074357,-23.096911164521
-47.011288598271,-23.096898952424
-47.011324465698,-23.096892321796
-47.011358087933,-23.096891010077
-47.011389235021,-23.096892792504
-47.011418613562,-23.096898074736
-47.011446112202,-23.096907035915
-47.011472707519,-23.096919668728
-47.011497545377,-23.096936445634
-47.011519802419,-23.096957976556
-47.011538861847,-23.096984893096
-47.011553592778,-23.097017335084
-47.011559368541,-23.097054634331
-47.011554425358,-23.097096553035
-47.011536925937,-23.097139821529
-47.011502993787,-23.097179218857
-47.011452849126,-23.097209644407
-47.011388683111,-23.097223670018
-47.011316847807,-23.097215069204
-47.011249710221,-23.097181052512
-47.011199808251,-23.097125864545
-47.01117533835,-23.097059057226
-47.011176053595,-23.096992546761
-47.01119836731,-23.096933388042
-47.011234190951,-23.096885434156
-47.011278980287,-23.096850711317
-47.011327383925,-23.096829771159
-47.011376724263,-23.096818694675
-47.011423394337,-23.096807426229
-47.011468275152,-23.096797132174
-47.011512010598,-23.096787076794
-47.011555413707,-23.096777597528
-47.011599759921,-23.096768130966
-47.011645484405,-23.096758389737
-47.011692982842,-23.096748271201
-47.011742640471,-23.096737951724
-47.011799209157,-23.096726536315
-47.011858839853,-23.096714801806
-47.01191703014,-23.096703609628
-47.011971040527,-23.096692626208
-47.012022590638,-23.096681957665
-47.012072596503,-23.096671773519
-47.012121171294,-23.096661409847
-47.012169219467,-23.096651330451
-47.012217846793,-23.09664120531
-47.012268462139,-23.096630782974
-47.012321080707,-23.096619978054
-47.012377544106,-23.096608753173
-47.01243823365,-23.096596789393
-47.012505296155,-23.096582215062
-47.012576071922,-23.09656676975
-47.012648635814,-23.096550453846
-47.012716868333,-23.096524633675
-47.012771236741,-23.09648275919
-47.012802958394,-23.096427917438
-47.012810594583,-23.096371184883
-47.012801779507,-23.096319083121
-47.012780276775,-23.096275841484
-47.012749058401,-23.096244551487
-47.012714586246,-23.096223941129
-47.012680049288,-23.096212414464
-47.012647325943,-23.09620833967
-47.012617313389,-23.096209761961
-47.012590711235,-23.096213558885
-47.012571120017,-23.096216304798
-47.012553213503,-23.096218589375
-47.012539598124,-23.096219480975
-47.012528465413,-23.096219426321
-47.012517347011,-23.096219393216
-47.012505837664,-23.096219430841
-47.012494278141,-23.096219595147
-47.012484402911,-23.096219135454
-47.012478453723,-23.096217356632
-47.012472825139,-23.096215455875
-47.012466930248,-23.096213645902
-47.012460802789,-23.096211948894
-47.012454330364,-23.096210325926
-47.012447537152,-23.096208799809
-47.012440488697,-23.096207362468
-47.012433095094,-23.09620604921
-47.012425433121,-23.096204852164
-47.012417439469,-23.09620373016
-47.01240913209,-23.09620266534
-47.012400571521,-23.096201719147
-47.012391623525,-23.096200973693
-47.012382479811,-23.09620029924
-47.012372887872,-23.096199744207
-47.012363076843,-23.096199173211
-47.012352853683,-23.096198753973
-47.012342409975,-23.096198411931
-47.012332088825,-23.096198094587
-47.012324503943,-23.096196852563
-47.012319353884,-23.09619478556
-47.012316508042,-23.09619188268
-47.012315076329,-23.096188522313
-47.012313434225,-23.096185250556
-47.012311993634,-23.096181898869
-47.012310944838,-23.096178404195
-47.012309685376,-23.096174974892
-47.012308495964,-23.096171522489
-47.012307311684,-23.09616804934
-47.012306101185,-23.096164592431
-47.012304903361,-23.096161097141
-47.012303762671,-23.09615756654
-47.012302600033,-23.096154055653
-47.012301398489,-23.096150549324
-47.012300652954,-23.096146903887
-47.012301451373,-23.096142740952
-47.012303580096,-23.096138117057
-47.012305847778,-23.096133442443
-47.012308122761,-23.096128766717
-47.012310402872,-23.096124081554
-47.012312681312,-23.09611939348
-47.012314966714,-23.096114701831
-47.012317254599,-23.096110002829
-47.012319546045,-23.096105300771
-47.01232184155,-23.09610059499
-47.012324138516,-23.096095883425
-47.012326439254,-23.096091168311
-47.01232874247,-23.096086448303
-47.012331048039,-23.096081723338
-47.012333356821,-23.096076994513
-47.012335667786,-23.096072260272
-47.012337981888,-23.096067521599
-47.012340301027,-23.09606277801
-47.012342622857,-23.096058029396
-47.012344948115,-23.09605327752
-47.012347276054,-23.096048520892
-47.012349606717,-23.096043759542
-47.012351940288,-23.096038994409
-47.012354276278,-23.096034224216
-47.012356615128,-23.096029449573
-47.012358956854,-23.096024670622
-47.012361301017,-23.096019886781
-47.012363650537,-23.096015098036
-47.01236600284,-23.096010304539
-47.012368358136,-23.096005506697
-47.012370716677,-23.096000705098
-47.012373077861,-23.095995898966
-47.012375441841,-23.095991088384
-47.01237780849,-23.09598627322
-47.012380177817,-23.095981453538
-47.012382550001,-23.095976629383
-47.012384924579,-23.095971800596
-47.01238730428,-23.09596696648
-47.012389687051,-23.095962127782
-47.01239207249,-23.095957284424
-47.012394461255,-23.095952437473
-47.012396852615,-23.095947586283
-47.012399247077,-23.095942730706
-47.012401644166,-23.095937870813
-47.01240404397,-23.095933006307
-47.012406446448,-23.095928137341
-47.012408851386,-23.095923263778
-47.012411261103,-23.09591838508
-47.012413674036,-23.095913501657
-47.01241608982,-23.095908613659
-47.01241850844,-23.095903721401
-47.012420930219,-23.095898825316
-47.012423354778,-23.095893924933
-47.012425782015,-23.095889020308
-47.012428211891,-23.095884111011
-47.012430644487,-23.095879197242
-47.01243307952,-23.095874279139
-47.012435519171,-23.095869355827
-47.012437962268,-23.095864427762
-47.012440408258,-23.095859495099
-47.012442856907,-23.095854557813
-47.012445308499,-23.095849616556
-47.012447762965,-23.095844671473
-47.012450220342,-23.095839722029
-47.012452680294,-23.095834768393
-47.01245514287,-23.095829810216
-47.012457608369,-23.095824847568
-47.012460077915,-23.095819879933
-47.012462551355,-23.09581490766
-47.012465027623,-23.095809930688
-47.012467506736,-23.095804949277
-47.012469988456,-23.09579996322
-47.012472473337,-23.09579497399
-47.012474961049,-23.095789980418
-47.012477451231,-23.095784982776
-47.01247994423,-23.095779980663
-47.012482439944,-23.095774974191
-47.01248493945,-23.095769962847
-47.012487443124,-23.095764946693
-47.012489949662,-23.095759925916
-47.012492459051,-23.095754900882
-47.012494971161,-23.09574987117
-47.012497485988,-23.095744837431
-47.012500003913,-23.095739800103
-47.012502524656,-23.095734758621
-47.012505048073,-23.095729712688
-47.012507574199,-23.095724662561
-47.012510103906,-23.095719607707
-47.012512637942,-23.095714547907
-47.012515174946,-23.095709483505
-47.012517714697,-23.095704414927
-47.01252025709,-23.095699341688
-47.012522802351,-23.095694264031
-47.012525350493,-23.095689182617
-47.012527901382,-23.095684097346
-47.012530455189,-23.095679007887
-47.012533011577,-23.095673914298
-47.012535571261,-23.095668816256
-47.012538135496,-23.095663713335
-47.012540702708,-23.095658605761
-47.012543272487,-23.095653493897
-47.012545844924,-23.095648377547
-47.01254842021,-23.095643256756
-47.012550998146,-23.095638131497
-47.012553579163,-23.095633002968
-47.012556162958,-23.095627870272
-47.012558749452,-23.095622733428
-47.012561339004,-23.095617592342
-47.012563933279,-23.09561244617
-47.012566530678,-23.095607295824
-47.012569130909,-23.095602141071
-47.012571734056,-23.095596981861
-47.012574339859,-23.095591818477
-47.012576948397,-23.095586650755
-47.012579559721,-23.095581478995
-47.012582174093,-23.095576304019
-47.012584791063,-23.095571124769
-47.012587411088,-23.095565941314
-47.012590036046,-23.095560752862
-47.012592664033,-23.095555560062
-47.012595294678,-23.095550362928
-47.012597928286,-23.095545161665
-47.012600564385,-23.095539955861
-47.012603203387,-23.095534745964
-47.01260584495,-23.095529531752
-47.012608489498,-23.095524313897
-47.012611137152,-23.095519092385
-47.012613787288,-23.095513866835
-47.012616442575,-23.095508636475
-47.012619100872,-23.095503401843
-47.012621762096,-23.095498162938
-47.01262442616,-23.095492919593
-47.012627093215,-23.095487672303
-47.012629762694,-23.095482420592
-47.012632435071,-23.095477164778
-47.012635110058,-23.09547190451
-47.012637787951,-23.095466641139
-47.012640468584,-23.095461373852
-47.012643154096,-23.095456101537
-47.012645842885,-23.095450825078
-47.012648534619,-23.095445544522
-47.01265122914,-23.095440259499
-47.012653926403,-23.095434970425
-47.012656626438,-23.095429676974
-47.012659329145,-23.095424379399
-47.012662034319,-23.095419077666
-47.012664742318,-23.095413772009
-47.012667453291,-23.095408462931
-47.01267016872,-23.095403149315
-47.012672887874,-23.095397831315
-47.012675609953,-23.095392509259
-47.012678334697,-23.095387183045
-47.012681052975,-23.095381855278
-47.012683550876,-23.09537659828
-47.012685794087,-23.095371423417
-47.012687792263,-23.0953663266
-47.012689516956,-23.095361316679
-47.01269097697,-23.095356393194
-47.012692211821,-23.095351540745
-47.012693239351,-23.09534673861
-47.012694047633,-23.095342038207
-47.012694639658,-23.095337395418
-47.012695070965,-23.095332807249
-47.012695325424,-23.095328283794
-47.012695395884,-23.095323817673
-47.012695225241,-23.095319416827
-47.012694815737,-23.095315102598
-47.012694187789,-23.09531086148
-47.012693371691,-23.095306698173
-47.012692376941,-23.095302564455
-47.012691271448,-23.095298495706
-47.012689995857,-23.095294469197
-47.012688324342,-23.095290602471
-47.012685854897,-23.09528699147
-47.012682260454,-23.095283742741
-47.012677905971,-23.095280739101
-47.012673622382,-23.095277696573
-47.012669262324,-23.095274672513
-47.012665088486,-23.095271585137
-47.012661100916,-23.095268461514
-47.012657013361,-23.095265348211
-47.01265277382,-23.095262279522
-47.012648391806,-23.095259249393
-47.012643878506,-23.0952562863
-47.012639081463,-23.095253402441
-47.012634101691,-23.095250563186
-47.012629018814,-23.095247764684
-47.012623609773,-23.095245101973
-47.012618055303,-23.095242442999
-47.012612303462,-23.095239850272
-47.012606106239,-23.095237441325
-47.01259954568,-23.095235145019
-47.012592567007,-23.095232948251
-47.012585291556,-23.095230832583
-47.012577801493,-23.095228810343
-47.01257002859,-23.095226907626
-47.01256230758,-23.095225055836
-47.012555028146,-23.095222893435
-47.012548430249,-23.095220616083
-47.01254280985,-23.095218039932
-47.012538409019,-23.095214991054
-47.012535702936,-23.095211343684
-47.012534851537,-23.095207026725
-47.012534374602,-23.095202615788
-47.012532983889,-23.095198471037
-47.012531474838,-23.095194371577
-47.012529992528,-23.09519026826
-47.012528387726,-23.095186181981
-47.012526659024,-23.0951821786
-47.012524852415,-23.095178198386
-47.012522985017,-23.095174261221
-47.01252113448,-23.095170243016
-47.012519406632,-23.09516625403
-47.012517822039,-23.095162315465
-47.012516265148,-23.095158321058
-47.012514655906,-23.095154237727
-47.012513023979,-23.095150177275
-47.012511454436,-23.095146061431
-47.012509905281,-23.095141964909
-47.012508376908,-23.095137867099
-47.012506838022,-23.095133759745
-47.01250529367,-23.095129687296
-47.012503725802,-23.095125604856
-47.012502142066,-23.095121488443
-47.012500637872,-23.095117400548
-47.012499094838,-23.095113287861
-47.01249755441,-23.095109161812
-47.012495993858,-23.095105080886
-47.01249439739,-23.095100983602
-47.012492809303,-23.095096868778
-47.012491298251,-23.095092761035
-47.01248978417,-23.095088637972
-47.012488281448,-23.095084532392
-47.012486705364,-23.095080411872
-47.012485197333,-23.09507629709
-47.012483673766,-23.095072166408
-47.012482180082,-23.09506803748
-47.012480661022,-23.095063880121
-47.012479155337,-23.095059731361
-47.012477629307,-23.095055611767
-47.012476111465,-23.095051520533
-47.012474629885,-23.09504733303
-47.012473153252,-23.095043154772
-47.012471684432,-23.095039002533
-47.012470198048,-23.095034851247
-47.012468659265,-23.095030670244
-47.012467151027,-23.095026499507
-47.012465680019,-23.095022323323
-47.012464210531,-23.095018119151
-47.012462757099,-23.095013971805
-47.012461271744,-23.095009809751
-47.01245976,-23.095005623084
-47.012458258308,-23.095001427923
-47.012456829829,-23.094997219194
-47.012455407216,-23.094992983046
-47.012453961253,-23.094988800268
-47.012452428404,-23.0949845734
-47.012450968467,-23.094980377609
-47.012449561943,-23.094976175953
-47.012448152009,-23.094971941114
-47.012446734806,-23.094967720494
-47.012445282544,-23.094963507812
-47.012443858412,-23.094959290836
-47.012442412035,-23.09495505371
-47.012441028448,-23.094950812664
-47.01243968409,-23.094946581045
-47.012438240994,-23.094942317281
-47.012436796105,-23.094938071115
-47.012435338546,-23.094933819333
-47.0124339102,-23.094929562355
-47.012432490021,-23.094925282957
-47.012430979894,-23.094921119016
-47.012429443053,-23.094916863397
-47.012427805622,-23.094912657715
-47.01242611098,-23.094908468095
-47.01242441796,-23.094904256601
-47.012422566723,-23.094900055653
-47.012420830006,-23.09489594038
-47.012418880923,-23.094891791875
-47.012416830389,-23.094887754192
-47.01241464634,-23.094883732701
-47.01241241172,-23.094879719831
-47.012410118978,-23.094875652972
-47.01240768095,-23.094871741515
-47.012405113294,-23.09486786399
-47.012402464261,-23.09486391778
-47.01239966825,-23.094859976829
-47.01239686845,-23.094856079039
-47.012394001344,-23.094852234888
-47.012391121295,-23.094848446709
-47.012388212002,-23.094844602436
-47.012385277515,-23.09484084784
-47.012382292412,-23.094837072667
-47.012379085754,-23.094833374633
-47.012375825955,-23.09482970552
-47.012372575683,-23.094826046243
-47.012368818199,-23.094822530243
-47.012363708872,-23.094819461494
-47.012356607588,-23.094817042679
-47.012347190011,-23.094815459092
-47.012334354377,-23.094815255143
-47.012317753634,-23.094816421191
-47.012297577958,-23.094818797782
-47.012273525351,-23.094822661248
-47.012245671267,-23.094828668593
-47.012213662972,-23.09484177231
-47.012180193729,-23.094864078373
-47.012149519687,-23.094898811304
-47.012110961918,-23.094943807918
-47.012064143441,-23.094999098042
-47.01200751308,-23.095063191135
-47.011940233791,-23.095128052507
-47.011867883825,-23.095182099945
-47.011796374625,-23.095218696794
-47.011730997072,-23.095237563972
-47.01167438495,-23.095244786325
-47.011624787748,-23.095245501159
-47.011582638704,-23.095242917459
-47.011544893963,-23.095237745024
-47.011510762849,-23.095231835977
-47.011479546791,-23.095224952105
-47.011452272105,-23.095218018937
-47.011427855362,-23.09521092403
-47.011405226099,-23.095203963196
-47.01138286403,-23.095196853134
-47.011359669738,-23.09518958276
-47.011334275877,-23.095182170647
-47.01130578629,-23.095174640707
-47.011273579876,-23.095167643707
-47.011237894188,-23.095161171275
-47.01119724275,-23.09516101233
-47.01115007835,-23.095165419152
-47.011093228968,-23.095174931121
-47.011024335433,-23.095187310036
-47.010949220109,-23.095200427802
-47.010877628027,-23.095213032984
-47.01081707679,-23.095224555332
-47.010768183285,-23.095230968403
-47.0107248527,-23.095236286268
-47.010684433104,-23.095241317099
-47.010648112567,-23.09524624795
-47.010617201003,-23.095255498216
-47.010592067636,-23.095267956958
-47.010572949143,-23.095283527816
-47.010557422267,-23.095300380585
-47.010546750401,-23.095319500117
-47.010539861081,-23.095341190807
-47.010538197781,-23.095365589411
-47.01054238847,-23.095392702118
-47.010554953319,-23.095421565378
-47.010576784082,-23.095450553525
-47.010610939804,-23.095477515844
-47.010659369489,-23.095497491248
-47.010719658926,-23.095505201928
-47.010788140502,-23.0954943131
-47.010855262844,-23.09545952192
-47.010913858731,-23.095407686153
-47.010960330919,-23.095351237073
-47.010998153592,-23.095301219598
-47.011027926764,-23.095258266175
-47.011055566196,-23.095218538387
-47.011081789494,-23.095180302872
-47.011105699049,-23.095144935992
-47.011128360033,-23.095112132263
-47.011150178675,-23.09508132423
-47.011172563649,-23.095052699985
-47.011197884961,-23.095026771285
-47.01122620965,-23.095003288677
-47.011257280622,-23.094982611435
-47.0112936212,-23.094968200819
-47.011333128337,-23.094957062972
-47.011375286748,-23.094950290923
-47.011418780792,-23.094946640165
-47.011462320284,-23.09494333577
-47.01150488788,-23.094939844419
-47.011545262,-23.094936180437
-47.011584853915,-23.09493213125
-47.011622239352,-23.094927711354
-47.011658854712,-23.094922707826
-47.011695261104,-23.094917198183
-47.011732797884,-23.094910427955
-47.011772557813,-23.094902565879
-47.011814322662,-23.094893237497
-47.01185906275,-23.094881179434
-47.01190662997,-23.094867176844
-47.01195638164,-23.094847592435
-47.012008990133,-23.094821651876
-47.012067307994,-23.094784318093
-47.012130195887,-23.094734745288
-47.012195601591,-23.094673142248
-47.012258259767,-23.094603386757
-47.012313392865,-23.0945354135
-47.012360490432,-23.094475999342
-47.012399530724,-23.094426609723
-47.012434121135,-23.094383468232
-47.012473352033,-23.094348770576
-47.012514937857,-23.094322576151
-47.012555963482,-23.094304124032
-47.012595673663,-23.094293143112
-47.012632831692,-23.094287388311
-47.01266748306,-23.094285806978
-47.012700264142,-23.094287596167
-47.012730785552,-23.094293393687
-47.012760183198,-23.094302948351
-47.012788026221,-23.094316590373
-47.012812959937,-23.094335049161
-47.012834951718,-23.094359071877
-47.01285245468,-23.094388072724
-47.012861664287,-23.094422014654
-47.012859926655,-23.094461026604
-47.01284568299,-23.094501922153
-47.012815557048,-23.094539746946
-47.012768631385,-23.094568767022
-47.012707614554,-23.094582055261
-47.012637980672,-23.094573600752
-47.012571533786,-23.094539025211
-47.012521782775,-23.094482502522
-47.012496793562,-23.094413032925
-47.012497339207,-23.094342927083
-47.012520036437,-23.094280274781
-47.012557443285,-23.094228467069
-47.012604027777,-23.094190250222
-47.012654308103,-23.09416592309
-47.01270627449,-23.094152026249
-47.012755194953,-23.094138002813
-47.012802542971,-23.094124902098
-47.012848700605,-23.094112058127
-47.012894704478,-23.094099798267
-47.012941611283,-23.094087574992
-47.012989983764,-23.094074946233
-47.013039692508,-23.094062208359
-47.013092212115,-23.094048941347
-47.013151604109,-23.094034817749
-47.01321337483,-23.094020466953
-47.013273366735,-23.094006400401
-47.013329589463,-23.0939927331
-47.013383479252,-23.093979323283
-47.013435743385,-23.093966405884
-47.013486742899,-23.093953069966
-47.013537131641,-23.093940214753
-47.013588183089,-23.093927395535
-47.013640973052,-23.093914208797
-47.013696395073,-23.093900383438
-47.013755472628,-23.093886367314
-47.013819572645,-23.093871321493
-47.013889643977,-23.093853609086
-47.013963420118,-23.093835474965
-47.014038346189,-23.093815777335
-47.014106596769,-23.093783244143
-47.014158481316,-23.093735049506
-47.014186897926,-23.093675879396
-47.014192376289,-23.093616771254
-47.014182341994,-23.093563493923
-47.014159484217,-23.093519784296
-47.014128333126,-23.093488659561
-47.014094966919,-23.093467638044
-47.014062164963,-23.093455393367
-47.014031615566,-23.093450644255
-47.014003487956,-23.093450545674
-47.013980807958,-23.093451751811
-47.013963414129,-23.093451755356
-47.01394783028,-23.093451273357
-47.013937007656,-23.093449105356
-47.013927237587,-23.093446614268
-47.013917105785,-23.093444161095
-47.013906813044,-23.093441866865
-47.013897076059,-23.093439361381
-47.013891119733,-23.093435561546
-47.013886655179,-23.093431244662
-47.013881910794,-23.093427055
-47.013876947912,-23.093422934257
-47.01387163266,-23.093418912921
-47.01386600258,-23.093414972555
-47.013860092652,-23.093411160336
-47.013853871577,-23.093407480651
-47.01384738407,-23.093403859664
-47.013840529467,-23.093400338157
-47.013833404484,-23.093396866384
-47.013825932294,-23.093393605398
-47.013818219543,-23.093390468498
-47.013810107671,-23.093387431427
-47.013801723213,-23.093384413592
-47.013792979697,-23.093381500619
-47.013783974121,-23.093378682065
-47.013775268799,-23.093375828016
-47.013768745525,-23.093372245873
-47.013764751258,-23.093367819264
-47.013763109313,-23.093362508231
-47.013763444264,-23.093356602982
-47.013763776192,-23.0933506974
-47.013764264828,-23.093344726443
-47.013765151708,-23.093338605495
-47.013765853876,-23.093332547778
-47.013766565989,-23.093326491835
-47.013767341161,-23.09332038157
-47.013768103105,-23.093314292344
-47.01376882132,-23.093308183849
-47.013769608692,-23.093302043954
-47.013770396882,-23.093295910737
-47.01377111677,-23.093289800705
-47.013772525008,-23.093283472562
